0.317178717938 0.0760751630349 0.426252560505 0.192730565552 0.743431278443 0.268805728587 0.120536231463 0.0935572667237
0.276414955066 0.394212960457 0.347573637199 0.389364002443 0.623988592264 0.7835769629 -0.0574177847903 0.244644065737
0.0947131675599 0.466860275123 0.0413845416146 0.389609044423 0.136097709175 0.856469319546 -0.177973324645 0.0562219051913
0.484225019091 0.232733358658 0.13122559785 0.307024145209 0.61545061694 0.539757503868 -0.00791204287986 0.179209346705
0.302279050523 0.16026818725 0.122798566905 0.463746568216 0.425077617428 0.624014755466 -0.0372043876219 0.159861576038
0.476873600407 0.249908841903 0.260970474683 0.182514317999 0.73784407509 0.432423159901 0.0788379880204 0.152255089049
0.313761154019 0.360671491855 0.129559789234 0.0539207677867 0.443320943253 0.414592259642 0.021203145225 0.0636467647939
0.076829987059 0.244978184311 0.423516153709 0.23081668128 0.500346140768 0.47579486559 -0.0240063108798 0.121485860997
0.153211735271 0.348388326441 0.0987242797511 0.329271799611 0.251936015023 0.677660126051 -0.0995887329964 0.0848426903959
0.16063360144 0.427945585425 0.319792090272 0.292872173837 0.480425691712 0.720817759262 -0.073963998715 0.183898725331
0.125602002162 0.124586796344 0.112969546102 0.472742172211 0.238571548264 0.597328968556 -0.0447082315589 0.0734518771696
0.49682258339 0.20252022496 0.389040484779 0.0370920499727 0.885863068169 0.239612274933 0.185772208387 0.0972167345867
0.219550262021 0.406133171399 0.0685597562809 0.10768656377 0.288110018302 0.51381973517 -0.0286827732056 0.0514870045407
0.104615438003 0.374773458 0.224425120946 0.0398195760172 0.329040558948 0.414593034017 0.00855501212654 0.0882743210249
0.442708041223 0.0461105405227 0.226869247409 0.240540769901 0.669577288631 0.286651310423 0.089345375216 0.116950396703
0.384850169939 0.134483694699 0.161937395094 0.149461292729 0.546787565033 0.283944987427 0.0422215271608 0.079298143108
0.00577280280765 0.133755747778 0.483546547816 0.273077054381 0.489319350623 0.406832802159 -0.0337342067409 0.0662535500747
0.0594687434597 0.0193412979533 0.117522002173 0.0432434357367 0.176990745633 0.06258473369 0.00615250162298 0.00484466084623
0.353024414161 0.323645295221 0.355770837955 0.30121691524 0.708795252116 0.624862210461 0.0281083541864 0.221480482919
0.436922422544 0.00320434148863 0.352529717633 0.192576561343 0.789452140177 0.195780902832 0.153411057182 0.0852706433075
0.307984512144 0.0920242978222 0.178662438637 0.241086266721 0.486646950781 0.333110564543 0.0328394695924 0.0906921217035
0.293955500922 0.1949596291 0.458461053604 0.0675291635358 0.752416554526 0.262488792636 0.121601687989 0.109231966062
0.0390715259312 0.245158062392 0.383823473859 0.456250973621 0.42289499979 0.701409036013 -0.0968570358454 0.111923840899
0.0578488121415 0.0599646226199 0.443118606985 0.156747924926 0.500967419127 0.216712547546 0.0162345548872 0.0356391213064
0.271826135988 0.0900944873094 0.00342093401567 0.327268701276 0.275247070004 0.417363188585 -0.0285552065789 0.0892683937939
0.164952455613 0.468185689391 0.294204070235 0.498331988438 0.459156525848 0.966517677829 -0.184782221716 0.219943220648
0.141352697862 0.375444961232 0.0303923888298 0.323047535085 0.171745086692 0.698492496318 -0.116990523131 0.057074309868
0.256979322602 0.374781981792 0.0368472725085 0.300058845558 0.293826595111 0.67484082735 -0.102987661663 0.0909186126866
0.46516054305 0.422949039461 0.197119799282 0.460319612425 0.662280342332 0.883268651886 -0.10299938504 0.297494150657
0.355168003141 0.162951314089 0.285962006949 0.228446351469 0.64113001009 0.391397665557 0.0643389218118 0.127734719288
0.367896691832 0.315929629084 0.481059897396 0.408023984999 0.848956589228 0.723953614083 0.0480734785869 0.30209174922
0.265830811578 0.0143211473846 0.469974141384 0.309943528028 0.735804952962 0.324264675413 0.120494860479 0.0891231085449
0.06738262583 0.0925401965697 0.398549388315 0.060920568563 0.465932014145 0.153460765133 0.0212177029176 0.0409868266142
0.377115481965 0.234705261685 0.320637187209 0.450540485774 0.697752669173 0.685245747459 0.0151730247769 0.245161027367
0.198311318166 0.305636256034 0.359561454362 0.44964565037 0.557872772528 0.755281906404 -0.0661229071446 0.199064838358
0.469060859498 0.365029891767 0.217572828887 0.179455045175 0.686633688385 0.544484936942 0.036548442404 0.163595923911
0.122324790428 0.397689306965 0.0385237180637 0.0985393823272 0.160848508491 0.496228689292 -0.0344756529278 0.0273742800305
0.293554034649 0.217678032717 0.116519937791 0.0531233491153 0.41007397244 0.270801381832 0.0226411117289 0.0409584042975
0.272883955955 0.192303014432 0.0442394070889 0.419882555078 0.317123363043 0.612185569511 -0.0686724566336 0.123086584006
0.485286656851 0.412821024659 0.0336305816618 0.225207633145 0.518917238513 0.638028657804 -0.0766499733334 0.123173670568
0.420816203697 0.410239097334 0.191712608097 0.0656032635864 0.612528811794 0.475842360921 0.0537627483045 0.106254923626
0.472984040046 0.342358251972 0.453649320795 0.00786234802134 0.926633360841 0.350220599993 0.211877148789 0.159029353607
0.00943457203658 0.178990539472 0.318137825235 0.488239049445 0.327572397272 0.667229588917 -0.0843886766217 0.0615499874483
0.341775020243 0.0951933040506 0.115669979118 0.0224293665992 0.457444999361 0.11762267065 0.0373979839402 0.0186768047152
0.200074790225 0.297483121921 0.47583880526 0.36569861289 0.675913595485 0.663181734811 -0.0135858159016 0.214721086579
0.380806911127 0.383674134094 0.121962317477 0.103925562032 0.502769228605 0.487599696126 0.00657054336956 0.0863693588148
0.122257284112 0.36220577577 0.244528953056 0.0762387175126 0.366786237168 0.438444493282 0.00228134186706 0.097890537687
0.486547652789 0.489760053437 0.329259170511 0.109999220129 0.8158068233 0.599759273566 0.106327052643 0.214777851306
0.485687064553 0.409800773564 0.425432165687 0.457401554568 0.91111923024 0.867202328131 0.019183388828 0.396496448957
0.285499794723 0.400332589197 0.256164979404 0.324649706244 0.541664774128 0.724982295441 -0.0568328084474 0.195238613956
0.0472938265668 0.145964732131 0.0124460128648 0.423608975616 0.0597398394316 0.569573707747 -0.0612433510803 0.0218507683588
0.176453993601 0.23700235148 0.062977759144 0.207890025885 0.239431752745 0.444892377364 -0.0381577478749 0.0516089023051
0.421430851765 0.0800632905352 0.459397295515 0.386766421081 0.88082814728 0.466829711616 0.162638401207 0.199776161412
0.0105305212314 0.235938115871 0.296674728369 0.0639232824615 0.3072052496 0.299861398332 -0.0119577992983 0.070670021921
0.0998832256538 0.152887370518 0.358295270957 0.0592321485087 0.458178496611 0.212119519027 0.026731839964 0.0606951199012
0.406101234397 0.224381059695 0.376134776988 0.160002792691 0.782236011386 0.384383852386 0.116847201057 0.149374851468
0.342199340993 0.402522486306 0.284400518526 0.352497312368 0.626599859519 0.755019798674 -0.0445664245729 0.235101951818
0.292155166976 0.459529925666 0.244831090684 0.397903686674 0.53698625766 0.85743361234 -0.11131998338 0.228756830923
0.193686260707 0.270357071257 0.412692436663 0.31461771655 0.606378697369 0.584974787807 -0.00512626953279 0.172511447577
0.445961369883 0.436925760762 0.26477254993 0.423660902851 0.710733919814 0.860586663612 -0.0670300332086 0.304622344408
0.434917974398 0.104444952595 0.208310655787 0.382141612338 0.643228630185 0.486586564933 0.0506852858754 0.18795725254
0.278860328646 0.454868577395 0.0979427915149 0.339473413142 0.376803120161 0.794341990537 -0.127103429469 0.139216765798
0.220656698614 0.173165779883 0.364264961271 0.00376329426657 0.584921659885 0.176929074149 0.0797258299883 0.0639086221911
0.348910946544 0.428351781086 0.239216427919 0.163249052422 0.588127374462 0.591600833508 0.0135372079283 0.159428164367
0.134031114469 0.0637629351069 0.470562445587 0.488834548157 0.604593560056 0.552597483264 0.0319004834369 0.095523481962
0.225824730319 0.351571205633 0.343577506209 0.488134036947 0.569402236528 0.83970524258 -0.0940255741964 0.231024695339
0.391687175538 0.348020955714 0.359217629378 0.484607906715 0.750904804915 0.832628862429 -0.0279527681873 0.31482996491
0.210435441541 0.446628974551 0.0507554660393 0.184645653943 0.26119090758 0.631274628494 -0.0717873501693 0.0615248514661
0.00584360905207 0.0388529883117 0.395527756897 0.326396981461 0.401371365949 0.365249969773 -0.0103701885251 0.0172747716711
0.432109830588 0.330565266572 0.402087323455 0.152901128333 0.834197154043 0.483466394905 0.123202082973 0.198986183924
0.42195614623 0.197759388631 0.344843680427 0.28954104366 0.766799826657 0.487300432291 0.0882494506668 0.190369698373
0.0619263747443 0.130340981504 0.353059439766 0.424170676105 0.41498581451 0.554511657609 -0.0334231310748 0.0722854661524
0.0256732255245 0.122609124962 0.120618862265 0.246644833945 0.14629208779 0.369253958907 -0.027144232013 0.0211211416026
0.090150069796 0.119059842098 0.400583576814 0.401231505768 0.49073364661 0.520291347865 -0.0116579223123 0.0838644656516
0.22949445051 0.00829134425388 0.1662407601 0.187540806853 0.39573521061 0.195832151107 0.0365963665003 0.0444179337879
0.434708918516 0.0861284928226 0.248388104428 0.370171166015 0.683097022944 0.456299658838 0.0760942396329 0.182310000314
0.114862089392 0.284817642693 0.448710491823 0.403406231778 0.563572581215 0.688223874471 -0.0633573873599 0.174136747188
0.146234877086 0.379179354624 0.305049834174 0.472209285443 0.45128471126 0.851388640066 -0.134443087096 0.184722066066
0.174234306921 0.349013503882 0.28979074584 0.363362668401 0.464025052762 0.712376172283 -0.0763269883249 0.164451126288
0.201757495374 0.247282968406 0.340444789061 0.196138638853 0.542202284435 0.443421607259 0.0201855431193 0.123758638538
0.106000857123 0.232870234191 0.218375555316 0.477715293174 0.324376412439 0.710585527365 -0.0880976761597 0.101491397245
0.175779735138 0.115369679528 0.00864305587875 0.233790461935 0.184422791017 0.349160141463 -0.0254530565969 0.0420927720637
0.0721772868571 0.0704453180764 0.281656794878 0.0166445967534 0.353834081735 0.0870899148298 0.0191566893666 0.021042764338
0.159219456245 0.221483728619 0.0384210956313 0.466572749976 0.197640551876 0.688056478595 -0.097220886382 0.082797107068
0.167978199148 0.0806947010909 0.0985213600357 0.116752676977 0.266499559184 0.197447378068 0.00712811826622 0.0275620561235
0.162398579095 0.198832256349 0.329630279771 0.284448432951 0.492028858866 0.483280689301 -0.00302603467723 0.111735153625
0.0155789114615 0.256732423102 0.170106344815 0.129281240527 0.185685256276 0.386013663629 -0.0305406144573 0.0456858750891
0.26232389938 0.0854366941602 0.496913883305 0.463098586289 0.759237782685 0.548535280449 0.0907867752418 0.163936506425
0.478153500198 0.213187324111 0.263381147304 0.157726249452 0.741534647502 0.370913573563 0.092311380407 0.131566880264
0.206802491564 0.286126418973 0.28570194824 0.251282051368 0.492504439803 0.537408470341 -0.0128145587696 0.133712629651
0.377655010163 0.0183768585191 0.0975014321219 0.0411624366711 0.475156442285 0.0595392951902 0.0360654680639 0.0173369704629
0.438711943943 0.233718603724 0.163576056197 0.0477437247298 0.60228800014 0.281462328454 0.0606041729164 0.0591765097444
0.233966959018 0.489020206976 0.42288513136 0.0854097396624 0.656852090378 0.574429946638 0.0571740596307 0.226782431524
0.133431990915 0.150109931547 0.281637551771 0.0483437572807 0.415069542686 0.198453688828 0.0303225811531 0.0487271973996
0.49624068706 0.318748533356 0.408141342178 0.495593849817 0.904382029238 0.814342383173 0.0445665272908 0.376028286757
0.165818358454 0.384877480568 0.1088925916 0.310204748586 0.274710950054 0.695082229154 -0.101334431309 0.0933479485027
0.10588580936 0.478184570829 0.15065303095 0.18127133955 0.25653884031 0.65945591038 -0.0707291395918 0.0912340174509
0.285487421625 0.386984495984 0.467689262472 0.329209656419 0.753176684096 0.716194152403 0.00612036870221 0.2749737095
0.221958457748 0.00973070745768 0.249516107288 0.350509886035 0.471474565036 0.360240593493 0.0519715011949 0.0802266019757
0.109773813091 0.469576807345 0.322284002253 0.474342678444 0.432057815344 0.943919485789 -0.187361976706 0.203407497361
