0.456755357287 0.458368067503 0.0337020250503 0.178990751023 0.490457382338 0.637358818526 0.612244175023 0.612626965062
0.0336906877136 0.317251924258 0.397733714993 0.326943635883 0.431424402707 0.64419556014 0.508421875331 0.578654379428
0.425983755673 0.0709102304766 0.0219602790278 0.106434687053 0.447944034701 0.17734491753 0.604914219689 0.51772013312
0.167099647433 0.267399091873 0.108630420544 0.00844757472421 0.275730067977 0.275846666598 0.541677978236 0.56645427473
0.35156860629 0.0952479416957 0.297918824727 0.115551996862 0.649487431017 0.210799938558 0.586997910103 0.523793999542
0.0106833940179 0.056445000401 0.144719425704 0.438026353868 0.155402819722 0.494471354269 0.502670823102 0.514107504712
0.0106531575492 0.430217118462 0.0871087798502 0.398326152816 0.0977619373994 0.828543271278 0.5026632642 0.605925513124
0.119833359854 0.328380518483 0.208365997124 0.426787393852 0.328199356978 0.755167912334 0.529922541138 0.581365279946
0.00917127667264 0.154583470429 0.146774920139 0.238166464554 0.155946196812 0.392749934983 0.502292803097 0.538569094097
0.125828501276 0.0700650197373 0.292864995266 0.116924417042 0.418693496542 0.18698943678 0.531415686365 0.517509092686
0.30188594795 0.120213493439 0.0394310997138 0.179196008012 0.341317047664 0.299409501451 0.574903487609 0.5300172331
0.384050439877 0.385526129676 0.174312548014 0.340173748969 0.558362987891 0.725699878645 0.594849647137 0.595205243773
0.144157951388 0.283426186165 0.118412703961 0.157983483293 0.262570655349 0.441409669458 0.535977204349 0.570385998202
0.0443614282107 0.309502693345 0.443635120884 0.0103913014464 0.487996549094 0.319893994791 0.511088538651 0.57676386958
0.272748621598 0.47031481087 0.472151160721 0.0291545690072 0.74489978232 0.499469379877 0.56776756272 0.615458265195
0.152326051485 0.179024893613 0.0360603392162 0.281386620029 0.188386390701 0.460411513642 0.538008048831 0.54463706919
0.00484047454358 0.386629119981 0.120471430114 0.119838081418 0.125311904658 0.506467201399 0.501210116273 0.595470965872
0.268678459921 0.23075974821 0.37613880297 0.262644430985 0.644817262891 0.493404179194 0.566768440081 0.557435293554
0.255842910512 0.191473594711 0.0739831628276 0.123671768093 0.32982607334 0.315145362804 0.563614113942 0.547722686382
0.487010496568 0.193146161395 0.451698697126 0.116362131651 0.938709193694 0.309508293046 0.619401929298 0.548136985693
0.314110565527 0.278250618903 0.332829340442 0.117293750622 0.646939905969 0.395544369525 0.577888285139 0.56911728778
0.138847729482 0.465228124943 0.110195752728 0.21825841202 0.24904348221 0.683486536963 0.534656272951 0.614253697499
0.385583688232 0.45320154125 0.372439916459 0.378504609389 0.758023604691 0.831706150639 0.595219111623 0.611400158885
0.469166296263 0.437788524072 0.452593870091 0.401666236742 0.921760166354 0.839454760815 0.615186410925 0.607731954328
0.439202035787 0.133748874825 0.0508184461631 0.0998233753946 0.49002048195 0.23357225022 0.608068875431 0.533387461844
0.198194196236 0.321314834728 0.204685197282 0.119037713752 0.402879393518 0.44035254848 0.549386990849 0.579644653984
0.240658150156 0.28044500694 0.381789365742 0.323252951316 0.622447515898 0.603697958256 0.559875833647 0.569655319941
0.372870142391 0.333626166299 0.131796159851 0.388580710296 0.504666302242 0.722206876595 0.592152323543 0.582641416493
0.338259774764 0.348078762064 0.188362535733 0.15097842133 0.526622310497 0.499057183393 0.583767739584 0.586151606322
0.415683903247 0.189112920907 0.312369972809 0.170465164913 0.728053876056 0.35957808582 0.602449985923 0.547137828642
0.378844104943 0.497872001585 0.27087649837 0.0582809649453 0.649720603313 0.55615296653 0.593594284879 0.62195911351
0.34366624349 0.303305328602 0.153119431527 0.104046553602 0.496785675018 0.407351882204 0.585080821513 0.575250332357
0.45306695934 0.147046780099 0.373988878096 0.03533256742 0.827055837437 0.182379347519 0.611368183089 0.536695597181
0.47671697951 0.215990210551 0.483867149185 0.335317962269 0.960584128695 0.55130817282 0.616972338186 0.553788603911
0.250293320411 0.130626921231 0.179919608344 0.474117283156 0.430212928755 0.604744204387 0.562248695719 0.53261037319
0.138626114312 0.116233656952 0.180055154546 0.356229440636 0.318681268859 0.472463097589 0.534601134908 0.529025742809
0.398937769278 0.262178334969 0.122115958471 0.0329328568108 0.521053727749 0.29511119178 0.598432421035 0.565171699191
0.0106252811735 0.0945244020919 0.145910017727 0.405987339559 0.156535298901 0.500511741651 0.502656295303 0.523613521177
0.283830843065 0.400628942649 0.0883590617558 0.116966172147 0.372189904821 0.517595114796 0.570485154855 0.598838760959
0.228541268103 0.43722189015 0.367750897578 0.421619433739 0.59629216568 0.858841323889 0.556887922357 0.607596864056
0.341384630644 0.426904823031 0.194900571669 0.0344521947386 0.536285202313 0.46135701777 0.584526827016 0.605134327061
0.00262241314132 0.297474946697 0.277180707432 0.391979971599 0.279803120574 0.689454918296 0.50065560291 0.573825130821
0.159344621003 0.253258646559 0.31849952185 0.403642106576 0.477844142853 0.656900753135 0.539752079702 0.562978401684
0.0641492512441 0.48471403336 0.00581213421396 0.433726756273 0.069961385458 0.918440789633 0.516031815442 0.618860405512
0.192447919464 0.469995783355 0.137529842482 0.0438757760702 0.329977761946 0.513871559426 0.547964037349 0.615382758367
0.0744364370453 0.22310548582 0.203214809962 0.116955500419 0.277651247007 0.340060986239 0.5186005216 0.555546156648
0.324301892557 0.290027699457 0.390120249554 0.481796308895 0.714422142111 0.771824008352 0.580372297075 0.572002914204
0.214781031398 0.423803696191 0.0317310310671 0.207582439224 0.246512062465 0.631386135415 0.553489788138 0.604393081731
0.276234332361 0.455414922174 0.181337940668 0.00406216176324 0.457572273029 0.459477083938 0.568622779601 0.61192590622
0.381878572372 0.0592041024768 0.250951398308 0.104812624711 0.63282997068 0.164016727188 0.594326111728 0.514796703846
0.00231433974266 0.143018826875 0.0921643000576 0.156846134398 0.0944786398002 0.299864961273 0.500578584677 0.535693886076
0.336904632046 0.0862950266541 0.325842227079 0.179291874095 0.662746859125 0.265586900749 0.583438425655 0.521560378615
0.399919482583 0.0605181597255 0.108103026863 0.44297462245 0.508022509446 0.503492782176 0.598668314784 0.515124924026
0.0476535419962 0.391287105255 0.0498791120911 0.372737473292 0.0975326540873 0.764024578547 0.511911131542 0.596592505248
0.293724413947 0.149336797126 0.188718817279 0.127713659855 0.482443231225 0.277050456981 0.57290768565 0.537264969681
0.0741516311141 0.200275361259 0.406389547054 0.171363691395 0.480541178168 0.371639052654 0.518529418278 0.549902152852
0.339999041717 0.28019090912 0.292245727071 0.214282865825 0.632244768787 0.494473774945 0.584190290157 0.569593027232
0.258060662316 0.334349442457 0.207100546719 0.147184247588 0.465161209035 0.481533690046 0.564159500027 0.582817285324
0.0541993913916 0.152088866214 0.411173674551 0.266440981579 0.465373065943 0.418529847793 0.513546531849 0.537949094623
0.359043978019 0.387427305172 0.160175552856 0.116709557604 0.519219530876 0.504136862777 0.588808988412 0.595663222286
0.0688212158431 0.0826233942253 0.0604241650044 0.289886217166 0.129245380847 0.372509611391 0.5171985163 0.520644105761
0.100776774404 0.119002738626 0.20829032548 0.1805261131 0.309067099884 0.299528851726 0.525172892636 0.529715624404
0.151518715097 0.304908365026 0.0434197416218 0.414870948467 0.194938456718 0.719779313492 0.537807374875 0.575641966763
0.380132538793 0.393662655394 0.229092633139 0.359152341275 0.609225171932 0.752814996669 0.593905069282 0.597164097207
0.395504877642 0.000799964268284 0.395292409736 0.0394883502772 0.790797287378 0.0402883145455 0.597607181167 0.500199991056
0.209675798539 0.070343300218 0.128558274223 0.175339287519 0.338234072762 0.245682587737 0.552227744904 0.517578577155
0.369337063531 0.466082633702 0.0166188978246 0.356461654141 0.385955961355 0.822544287843 0.591298779903 0.614456150233
0.00635819733489 0.255657260997 0.195707626752 0.493360896401 0.202065824087 0.749018157398 0.501589543979 0.563568452303
0.057757528525 0.231460817254 0.471094970005 0.381088495729 0.52885249853 0.612549312984 0.514435369403 0.557608241148
0.199459829006 0.0806776141841 0.262367716886 0.363827401289 0.461827545892 0.444505015473 0.549700292443 0.520158470647
0.225181302567 0.0702039428227 0.113900636849 0.441810125884 0.339081939416 0.512014068707 0.556058646885 0.517543780784
0.132985048957 0.00323644372266 0.382474009775 0.303251165003 0.515459058731 0.306487608725 0.533197351992 0.500809110224
0.0810538672223 0.290222196966 0.430786609368 0.144374274425 0.51184047659 0.434596471391 0.520252380298 0.572050529557
0.468469522923 0.0640400192435 0.47419558058 0.492698422758 0.942665103503 0.556738442001 0.615021449083 0.516004535469
0.452205482481 0.0958644240662 0.306500436758 0.203889152898 0.758705919239 0.299753576964 0.611163479035 0.52394776885
0.426394263689 0.326179660751 0.192232110046 0.235528386644 0.618626373735 0.561708047394 0.605012324008 0.580829540151
0.107149215232 0.436171711151 0.19382954559 0.492696630244 0.300978760822 0.928868341395 0.526761704547 0.607346449045
0.398948057971 0.280022556866 0.0979211039058 0.20270831641 0.496869161877 0.482730873277 0.598434893519 0.569551754047
0.226082479328 0.0605562198364 0.417252199133 0.315302121591 0.643334678461 0.375858341427 0.556281097809 0.515134430342
0.237033760578 0.0449495899639 0.167151370397 0.123345129947 0.404185130975 0.168294719911 0.558982537229 0.511235505809
0.320705575032 0.00173865491166 0.36892651094 0.497611890768 0.689632085973 0.49935054568 0.57949619656 0.500434663618
0.412195862583 0.412541574425 0.00226788216035 0.276336878049 0.414463744744 0.688878452474 0.601614288442 0.601697143856
0.331730985214 0.0377962546699 0.431223234371 0.159738620484 0.762954219585 0.197534875154 0.582180492506 0.509447938951
0.363660969439 0.0639284043777 0.0169874946027 0.2018872167 0.380648464041 0.265815621077 0.589926361745 0.515976660293
0.0505615546972 0.303994187496 0.0424873132695 0.400973012066 0.0930488679667 0.704967199562 0.512637696464 0.575418637609
0.414894470332 0.05787816391 0.283603851958 0.441460540229 0.69849832229 0.499338704139 0.602260898299 0.514465503059
0.116377986152 0.49470241836 0.138223510193 0.341400683376 0.254601496345 0.836103101736 0.529061703362 0.621213574594
0.452184880781 0.152435538334 0.214331820123 0.422055255205 0.666516700904 0.57449079354 0.611158583181 0.538035262264
0.189549207217 0.270536039381 0.214297680862 0.00354097206817 0.403846888079 0.274077011449 0.547245928578 0.567224497116
0.389814886162 0.146011659416 0.150917609702 0.237673706115 0.540732495864 0.383685365531 0.596238136115 0.536438201115
0.145319282821 0.254949231392 0.168449650856 0.375602146713 0.313768933677 0.630551378105 0.536266021927 0.563394298181
0.172925166272 0.0345892054614 0.210096810795 0.373816083416 0.383021977067 0.408405288878 0.543123883556 0.508646439323
0.257650271583 0.365758557256 0.246517730271 0.10111007517 0.504168001855 0.466868632427 0.564058589038 0.590433700146
0.492362424737 0.0104404423035 0.355287617064 0.473286016128 0.847650041801 0.483726458431 0.620662801115 0.502610086867
0.105469191241 0.445252718831 0.138021852016 0.119142984456 0.243491043256 0.564395703288 0.526342883032 0.609509934289
0.460063736877 0.29620678172 0.0275189953403 0.394020213941 0.487582732218 0.690226995661 0.613029296189 0.57351497227
0.126071037728 0.252195593283 0.21344095242 0.249437469657 0.339511990148 0.501633062939 0.531476080648 0.562716837244
0.211502822025 0.25037926776 0.231990330332 0.125755711438 0.443493152357 0.376134979198 0.552679473905 0.562269849406
0.0457906204124 0.231778844211 0.262951213485 0.243392145415 0.308741833897 0.475170989626 0.511445655254 0.557686691011
0.296499244447 0.43922260788 0.24915876306 0.123017419781 0.545658007507 0.562240027661 0.573586505813 0.608073778185
