0.0450349165788 0.205728930121 0.137771173326 0.232735348573 0.182806089905 0.438464278694
0.499925245581 0.353900009085 0.494190308857 0.389054833945 0.994115554437 0.74295484303
0.436827972721 0.258826673288 0.232677154757 0.200435014734 0.669505127478 0.459261688022
0.352989053286 0.249907988133 0.434819556666 0.452988421359 0.787808609952 0.702896409491
0.142411660694 0.234010005948 0.20891410043 0.369357459832 0.351325761124 0.60336746578
0.317814983011 0.329844238831 0.157108971448 0.317354225341 0.474923954459 0.647198464172
0.473803104057 0.049695932616 0.0724733597958 0.157964432077 0.546276463853 0.207660364693
0.0825224695667 0.429298805455 0.24994571575 0.187916607729 0.332468185317 0.617215413184
0.112613228616 0.153287414143 0.427249832568 0.27921809085 0.539863061184 0.432505504993
0.42711736749 0.114888183729 0.476709463452 0.0325048424412 0.903826830942 0.14739302617
0.156915187336 0.133213102356 0.405652896959 0.175714007845 0.562568084294 0.308927110202
0.259056012578 0.0262940898298 0.0309168244289 0.186098744094 0.289972837007 0.212392833924
0.041116208526 0.308452290332 0.0570835887509 0.099040272238 0.0981997972769 0.40749256257
0.293919178601 0.373218970061 0.0819457919638 0.118203291296 0.375864970565 0.491422261357
0.0398062388035 0.137276644036 0.257393777506 0.190703594826 0.297200016309 0.327980238862
0.1491233813 0.163035403213 0.194965119088 0.485177555002 0.344088500388 0.648212958215
0.152515439712 0.218473735395 0.142579888027 0.378211207395 0.295095327739 0.59668494279
0.126794042041 0.477700958684 0.143783323503 0.426465997734 0.270577365544 0.904166956418
0.221222111608 0.303873195766 0.484316108843 0.31442582603 0.705538220451 0.618299021795
0.304223721711 0.0528991935595 0.157886048854 0.395346342339 0.462109770565 0.448245535898
0.495876178954 0.0539539071989 0.341536260721 0.449539115567 0.837412439675 0.503493022766
0.162097301408 0.498070743183 0.0551572107651 0.420048095817 0.217254512173 0.918118839
0.41023758229 0.0515079078371 0.0553821378771 0.198540834038 0.465619720167 0.250048741875
0.00542544417869 0.0950965035579 0.273301026591 0.468052880336 0.27872647077 0.563149383894
0.222290428456 0.483426672033 0.477899488677 0.164871660518 0.700189917133 0.648298332551
0.438454624693 0.282219128277 0.0283176932017 0.219699414794 0.466772317895 0.50191854307
0.490324232993 0.0914907186354 0.473656784225 0.00170403307785 0.963981017217 0.0931947517132
0.224815625418 0.296410472226 0.461770320428 0.486365171918 0.686585945846 0.782775644144
0.122472963546 0.349029687702 0.429735809947 0.0808053501469 0.552208773493 0.429835037849
0.336055243527 0.418470243667 0.343916963699 0.110756636135 0.679972207226 0.529226879802
0.342677475617 0.145512805692 0.293888454251 0.283150831765 0.636565929868 0.428663637458
0.182143160177 0.117933280754 0.168746590363 0.00511689079144 0.350889750539 0.123050171545
0.185066271825 0.214523132761 0.111921342582 0.376790758881 0.296987614406 0.591313891642
0.381418252233 0.137833368979 0.494481264798 0.38555487039 0.875899517031 0.523388239369
0.431976953388 0.148135073165 0.185439270863 0.484782089991 0.61741622425 0.632917163156
0.00542050529455 0.103643818518 0.440584096263 0.0723303777182 0.446004601558 0.175974196237
0.0521918381422 0.142808516743 0.0336445431288 0.377199221033 0.0858363812711 0.520007737776
0.211762484565 0.193950486298 0.274010094845 0.132035730873 0.48577257941 0.325986217172
0.21641292734 0.276674837479 0.317095171632 0.313522283033 0.533508098973 0.590197120512
0.267290602851 0.193495698814 0.432029852673 0.322351467856 0.699320455523 0.51584716667
0.0754683135106 0.129678605324 0.0372652300199 0.023740165758 0.11273354353 0.153418771082
0.349906666094 0.152810704761 0.13718756413 0.0172022182686 0.487094230223 0.17001292303
0.179323586166 0.429492640512 0.326589593332 0.0659963167287 0.505913179498 0.495488957241
0.25521184447 0.22427211839 0.319935669531 0.313761011821 0.575147514001 0.538033130211
0.161602572748 0.0995427123059 0.494700464149 0.242547266068 0.656303036897 0.342089978374
0.244494690942 0.0434784633198 0.0289809375769 0.108449120709 0.273475628519 0.151927584029
0.285195965389 0.361537024717 0.401958139036 0.484061812866 0.687154104425 0.845598837584
0.351158770217 0.488417174419 0.0179487940417 0.357070850895 0.369107564258 0.845488025313
0.240934023781 0.159189968569 0.218499571678 0.282898534376 0.45943359546 0.442088502945
0.0583219864324 0.0905324644077 0.112695712172 0.17300107246 0.171017698604 0.263533536868
0.132191519988 0.0728040272381 0.46469738538 0.374271342917 0.596888905368 0.447075370155
0.475584128521 0.267948610411 0.490246970942 0.374671194382 0.965831099464 0.642619804793
0.326086524196 0.257305911049 0.244359819189 0.347812002894 0.570446343386 0.605117913943
0.121394547802 0.170599830477 0.130896295431 0.426352861552 0.252290843233 0.596952692029
0.472345975908 0.355094643371 0.274471383664 0.350716160216 0.746817359572 0.705810803587
0.494616252447 0.251184395608 0.363459757742 0.454180002137 0.858076010189 0.705364397745
0.378993741515 0.303387339169 0.456776074543 0.439105472336 0.835769816058 0.742492811505
0.124029933726 0.493854441873 0.300400214977 0.331652358345 0.424430148703 0.825506800218
0.418857122093 0.308763760024 0.328631120621 0.182620176742 0.747488242714 0.491383936766
0.133780664863 0.314859542361 0.073909880143 0.232228204857 0.207690545006 0.547087747218
0.422630394916 0.455697371967 0.136855727318 0.0572697084185 0.559486122234 0.512967080385
0.202823001713 0.490347768688 0.369779677551 0.383909822217 0.572602679264 0.874257590905
0.411905813763 0.0429480522002 0.0384323877607 0.442668507972 0.450338201524 0.485616560172
0.189284328713 0.30734539365 0.347256051978 0.347342315418 0.53654038069 0.654687709068
0.269759822103 0.404744419431 0.418071083916 0.396907291871 0.687830906018 0.801651711302
0.2479622239 0.129977322205 0.348893118439 0.332020778522 0.596855342338 0.461998100727
0.186523431703 0.46484669585 0.174550160973 0.482439226123 0.361073592676 0.947285921973
0.304601257889 0.376398874965 0.130359979481 0.39527127969 0.43496123737 0.771670154655
0.177959473261 0.0122974165457 0.329452113171 0.20623342622 0.507411586432 0.218530842766
0.427740211483 0.00912715953496 0.315776199279 0.131454163644 0.743516410762 0.140581323179
0.227982460935 0.469531421057 0.429610275913 0.348543484755 0.657592736847 0.818074905812
0.474522208086 0.0686716642918 0.27399276547 0.00421247993163 0.748514973557 0.0728841442234
0.155117465878 0.143548537229 0.066013546789 0.406511316337 0.221131012667 0.550059853567
0.305286039727 0.464886008893 0.21066449226 0.481876937794 0.515950531987 0.946762946687
0.227944984629 0.169195698261 0.316446411704 0.262735100248 0.544391396333 0.43193079851
0.0157619610486 0.332895436296 0.0351813650581 0.313190881302 0.0509433261067 0.646086317598
0.317136009363 0.487338981937 0.23404682384 0.119603983542 0.551182833203 0.606942965479
0.204780205533 0.145309367521 0.040304679513 0.0165727892844 0.245084885046 0.161882156806
0.361441610558 0.147460491796 0.176207297204 0.152094325784 0.537648907762 0.29955481758
0.327925443298 0.034714022444 0.0861170791671 0.283833382895 0.414042522465 0.318547405339
0.256750790187 0.389604418573 0.178079824989 0.207368462153 0.434830615177 0.596972880727
0.163180298828 0.043061848667 0.383504475995 0.225635910584 0.546684774824 0.268697759251
0.171526024634 0.192528018113 0.239577264812 0.410589311524 0.411103289447 0.603117329637
0.0627263061349 0.0538497062327 0.164116051382 0.217814953782 0.226842357517 0.271664660015
0.0698362852956 0.19344023048 0.228872020932 0.380737859045 0.298708306228 0.574178089525
0.213133439538 0.195989553344 0.404314040794 0.359588640622 0.617447480332 0.555578193966
0.46045876988 0.4792970773 0.254191221854 0.170799908309 0.714649991733 0.650096985609
0.0250959683772 0.0836756567187 0.282161973505 0.261488757756 0.307257941882 0.345164414475
0.330444903284 0.411247881399 0.209880393497 0.462701340612 0.540325296781 0.873949222011
0.0292183546764 0.0108139073835 0.483532552111 0.306239233145 0.512750906787 0.317053140529
0.20615740474 0.190406079824 0.140749207736 0.421248586547 0.346906612475 0.611654666371
0.457378493185 0.0390317548747 0.0261349115463 0.229329696475 0.483513404732 0.268361451349
0.263725117969 0.0924816328897 0.0950426606786 0.344548399292 0.358767778648 0.437030032181
0.46663593771 0.397642339948 0.426797822048 0.417072409874 0.893433759759 0.814714749822
0.415446665503 0.188572367281 0.476082270691 0.226698513652 0.891528936194 0.415270880933
0.480097616495 0.372754056347 0.0993706220444 0.27956969358 0.57946823854 0.652323749928
0.400531110526 0.474470500572 0.0908169143742 0.0507760041291 0.4913480249 0.525246504701
0.418112127871 0.0414217456245 0.394207588491 0.282879266011 0.812319716362 0.324301011635
0.119829130954 0.0728415902741 0.327306582855 0.248494616839 0.447135713809 0.321336207113
0.178422501066 0.300168074721 0.180106932941 0.433413719472 0.358529434007 0.733581794193